kinematics:
  shoulder:
    x: 0
    y: 0
    z: 0.16251917084238668
    roll: -0
    pitch: 0
    yaw: -3.7784965675822634e-07
  upper_arm:
    x: 6.6271068344519513e-05
    y: 0
    z: 0
    roll: 1.5705622452436261
    pitch: 0
    yaw: -3.020856031099584e-06
  forearm:
    x: -0.42536731310875586
    y: 0
    z: 0
    roll: 0.0028234403667815704
    pitch: 0.0014662739155251294
    yaw: -4.6852243005706267e-06
  wrist_1:
    x: -0.39269385360668646
    y: -0.00066654334577321693
    z: 0.13346073766642635
    roll: 0.0049942613508172891
    pitch: -0.00058849335208562524
    yaw: 1.1611179023313993e-05
  wrist_2:
    x: -2.9199591400964248e-05
    y: -0.099839266424188833
    z: 8.8480433068291426e-05
    roll: 1.569910098228992
    pitch: 0
    yaw: 3.7025729874903599e-06
  wrist_3:
    x: 6.3296099125525698e-05
    y: 0.099640876098967199
    z: 3.234982535295222e-05
    roll: 1.57112099098376
    pitch: 3.1415926535897931
    yaw: -3.1415926403696814
  hash: calib_5967434458727247353